I=15_15_15_caso6.txt, z(I)= 86, A(I) = 62, A(I)/z(I) = 0.7209302325581395
I=15_15_15_caso7.txt, z(I)= 126, A(I) = 100, A(I)/z(I) = 0.7936507936507936
