I=15_15_15_caso6.txt, z(I)= 86, A(I) = 24, A(I)/z(I) = 0.27906976744186046
I=15_15_15_caso7.txt, z(I)= 126, A(I) = 52, A(I)/z(I) = 0.4126984126984127
I=15_15_15_caso9.txt, z(I)= 82, A(I) = 24, A(I)/z(I) = 0.2926829268292683
